Here to show something ablout the end!
1.000000 0.969233 0.882497 0.754840 0.606531 0.457833 0.324652 0.216265 0.135335 0.079560 0.043937 0.022794 0.011109 0.005086 0.002187 0.000884 0.000335 0.000120 0.000040 0.000013 0.000004 0.000001 0.000000 0.000000 0.000000 0.000000 0.000000 0.000000 0.000000 0.000000 0.000000 0.000000 
0.969233 0.939413 0.855345 0.731616 0.587870 0.443747 0.314664 0.209611 0.131171 0.077112 0.042585 0.022093 0.010767 0.004930 0.002120 0.000857 0.000325 0.000116 0.000039 0.000012 0.000004 0.000001 0.000000 0.000000 0.000000 0.000000 0.000000 0.000000 0.000000 0.000000 0.000000 0.000000 
0.882497 0.855345 0.778801 0.666144 0.535261 0.404037 0.286505 0.190853 0.119433 0.070211 0.038774 0.020116 0.009804 0.004488 0.001930 0.000780 0.000296 0.000106 0.000035 0.000011 0.000003 0.000001 0.000000 0.000000 0.000000 0.000000 0.000000 0.000000 0.000000 0.000000 0.000000 0.000000 
0.754840 0.731616 0.666144 0.569783 0.457833 0.345591 0.245061 0.163246 0.102156 0.060055 0.033165 0.017206 0.008386 0.003839 0.001651 0.000667 0.000253 0.000090 0.000030 0.000010 0.000003 0.000001 0.000000 0.000000 0.000000 0.000000 0.000000 0.000000 0.000000 0.000000 0.000000 0.000000 
0.606531 0.587870 0.535261 0.457833 0.367879 0.277690 0.196912 0.131171 0.082085 0.048255 0.026649 0.013825 0.006738 0.003085 0.001327 0.000536 0.000203 0.000073 0.000024 0.000008 0.000002 0.000001 0.000000 0.000000 0.000000 0.000000 0.000000 0.000000 0.000000 0.000000 0.000000 0.000000 
0.457833 0.443747 0.404037 0.345591 0.277690 0.209611 0.148637 0.099013 0.061961 0.036425 0.020116 0.010436 0.005086 0.002329 0.001002 0.000405 0.000154 0.000055 0.000018 0.000006 0.000002 0.000000 0.000000 0.000000 0.000000 0.000000 0.000000 0.000000 0.000000 0.000000 0.000000 0.000000 
0.324652 0.314664 0.286505 0.245061 0.196912 0.148637 0.105399 0.070211 0.043937 0.025829 0.014264 0.007400 0.003607 0.001651 0.000710 0.000287 0.000109 0.000039 0.000013 0.000004 0.000001 0.000000 0.000000 0.000000 0.000000 0.000000 0.000000 0.000000 0.000000 0.000000 0.000000 0.000000 
0.216265 0.209611 0.190853 0.163246 0.131171 0.099013 0.070211 0.046771 0.029268 0.017206 0.009502 0.004930 0.002402 0.001100 0.000473 0.000191 0.000073 0.000026 0.000009 0.000003 0.000001 0.000000 0.000000 0.000000 0.000000 0.000000 0.000000 0.000000 0.000000 0.000000 0.000000 0.000000 
0.135335 0.131171 0.119433 0.102156 0.082085 0.061961 0.043937 0.029268 0.018316 0.010767 0.005946 0.003085 0.001503 0.000688 0.000296 0.000120 0.000045 0.000016 0.000005 0.000002 0.000001 0.000000 0.000000 0.000000 0.000000 0.000000 0.000000 0.000000 0.000000 0.000000 0.000000 0.000000 
0.079560 0.077112 0.070211 0.060055 0.048255 0.036425 0.025829 0.017206 0.010767 0.006330 0.003496 0.001813 0.000884 0.000405 0.000174 0.000070 0.000027 0.000010 0.000003 0.000001 0.000000 0.000000 0.000000 0.000000 0.000000 0.000000 0.000000 0.000000 0.000000 0.000000 0.000000 0.000000 
0.043937 0.042585 0.038774 0.033165 0.026649 0.020116 0.014264 0.009502 0.005946 0.003496 0.001930 0.001002 0.000488 0.000223 0.000096 0.000039 0.000015 0.000005 0.000002 0.000001 0.000000 0.000000 0.000000 0.000000 0.000000 0.000000 0.000000 0.000000 0.000000 0.000000 0.000000 0.000000 
0.022794 0.022093 0.020116 0.017206 0.013825 0.010436 0.007400 0.004930 0.003085 0.001813 0.001002 0.000520 0.000253 0.000116 0.000050 0.000020 0.000008 0.000003 0.000001 0.000000 0.000000 0.000000 0.000000 0.000000 0.000000 0.000000 0.000000 0.000000 0.000000 0.000000 0.000000 0.000000 
0.011109 0.010767 0.009804 0.008386 0.006738 0.005086 0.003607 0.002402 0.001503 0.000884 0.000488 0.000253 0.000123 0.000057 0.000024 0.000010 0.000004 0.000001 0.000000 0.000000 0.000000 0.000000 0.000000 0.000000 0.000000 0.000000 0.000000 0.000000 0.000000 0.000000 0.000000 0.000000 
0.005086 0.004930 0.004488 0.003839 0.003085 0.002329 0.001651 0.001100 0.000688 0.000405 0.000223 0.000116 0.000057 0.000026 0.000011 0.000004 0.000002 0.000001 0.000000 0.000000 0.000000 0.000000 0.000000 0.000000 0.000000 0.000000 0.000000 0.000000 0.000000 0.000000 0.000000 0.000000 
0.002187 0.002120 0.001930 0.001651 0.001327 0.001002 0.000710 0.000473 0.000296 0.000174 0.000096 0.000050 0.000024 0.000011 0.000005 0.000002 0.000001 0.000000 0.000000 0.000000 0.000000 0.000000 0.000000 0.000000 0.000000 0.000000 0.000000 0.000000 0.000000 0.000000 0.000000 0.000000 
0.000884 0.000857 0.000780 0.000667 0.000536 0.000405 0.000287 0.000191 0.000120 0.000070 0.000039 0.000020 0.000010 0.000004 0.000002 0.000001 0.000000 0.000000 0.000000 0.000000 0.000000 0.000000 0.000000 0.000000 0.000000 0.000000 0.000000 0.000000 0.000000 0.000000 0.000000 0.000000 
0.000335 0.000325 0.000296 0.000253 0.000203 0.000154 0.000109 0.000073 0.000045 0.000027 0.000015 0.000008 0.000004 0.000002 0.000001 0.000000 0.000000 0.000000 0.000000 0.000000 0.000000 0.000000 0.000000 0.000000 0.000000 0.000000 0.000000 0.000000 0.000000 0.000000 0.000000 0.000000 
0.000120 0.000116 0.000106 0.000090 0.000073 0.000055 0.000039 0.000026 0.000016 0.000010 0.000005 0.000003 0.000001 0.000001 0.000000 0.000000 0.000000 0.000000 0.000000 0.000000 0.000000 0.000000 0.000000 0.000000 0.000000 0.000000 0.000000 0.000000 0.000000 0.000000 0.000000 0.000000 
0.000040 0.000039 0.000035 0.000030 0.000024 0.000018 0.000013 0.000009 0.000005 0.000003 0.000002 0.000001 0.000000 0.000000 0.000000 0.000000 0.000000 0.000000 0.000000 0.000000 0.000000 0.000000 0.000000 0.000000 0.000000 0.000000 0.000000 0.000000 0.000000 0.000000 0.000000 0.000000 
0.000013 0.000012 0.000011 0.000010 0.000008 0.000006 0.000004 0.000003 0.000002 0.000001 0.000001 0.000000 0.000000 0.000000 0.000000 0.000000 0.000000 0.000000 0.000000 0.000000 0.000000 0.000000 0.000000 0.000000 0.000000 0.000000 0.000000 0.000000 0.000000 0.000000 0.000000 0.000000 
0.000004 0.000004 0.000003 0.000003 0.000002 0.000002 0.000001 0.000001 0.000001 0.000000 0.000000 0.000000 0.000000 0.000000 0.000000 0.000000 0.000000 0.000000 0.000000 0.000000 0.000000 0.000000 0.000000 0.000000 0.000000 0.000000 0.000000 0.000000 0.000000 0.000000 0.000000 0.000000 
0.000001 0.000001 0.000001 0.000001 0.000001 0.000000 0.000000 0.000000 0.000000 0.000000 0.000000 0.000000 0.000000 0.000000 0.000000 0.000000 0.000000 0.000000 0.000000 0.000000 0.000000 0.000000 0.000000 0.000000 0.000000 0.000000 0.000000 0.000000 0.000000 0.000000 0.000000 0.000000 
0.000000 0.000000 0.000000 0.000000 0.000000 0.000000 0.000000 0.000000 0.000000 0.000000 0.000000 0.000000 0.000000 0.000000 0.000000 0.000000 0.000000 0.000000 0.000000 0.000000 0.000000 0.000000 0.000000 0.000000 0.000000 0.000000 0.000000 0.000000 0.000000 0.000000 0.000000 0.000000 
0.000000 0.000000 0.000000 0.000000 0.000000 0.000000 0.000000 0.000000 0.000000 0.000000 0.000000 0.000000 0.000000 0.000000 0.000000 0.000000 0.000000 0.000000 0.000000 0.000000 0.000000 0.000000 0.000000 0.000000 0.000000 0.000000 0.000000 0.000000 0.000000 0.000000 0.000000 0.000000 
0.000000 0.000000 0.000000 0.000000 0.000000 0.000000 0.000000 0.000000 0.000000 0.000000 0.000000 0.000000 0.000000 0.000000 0.000000 0.000000 0.000000 0.000000 0.000000 0.000000 0.000000 0.000000 0.000000 0.000000 0.000000 0.000000 0.000000 0.000000 0.000000 0.000000 0.000000 0.000000 
0.000000 0.000000 0.000000 0.000000 0.000000 0.000000 0.000000 0.000000 0.000000 0.000000 0.000000 0.000000 0.000000 0.000000 0.000000 0.000000 0.000000 0.000000 0.000000 0.000000 0.000000 0.000000 0.000000 0.000000 0.000000 0.000000 0.000000 0.000000 0.000000 0.000000 0.000000 0.000000 
0.000000 0.000000 0.000000 0.000000 0.000000 0.000000 0.000000 0.000000 0.000000 0.000000 0.000000 0.000000 0.000000 0.000000 0.000000 0.000000 0.000000 0.000000 0.000000 0.000000 0.000000 0.000000 0.000000 0.000000 0.000000 0.000000 0.000000 0.000000 0.000000 0.000000 0.000000 0.000000 
0.000000 0.000000 0.000000 0.000000 0.000000 0.000000 0.000000 0.000000 0.000000 0.000000 0.000000 0.000000 0.000000 0.000000 0.000000 0.000000 0.000000 0.000000 0.000000 0.000000 0.000000 0.000000 0.000000 0.000000 0.000000 0.000000 0.000000 0.000000 0.000000 0.000000 0.000000 0.000000 
0.000000 0.000000 0.000000 0.000000 0.000000 0.000000 0.000000 0.000000 0.000000 0.000000 0.000000 0.000000 0.000000 0.000000 0.000000 0.000000 0.000000 0.000000 0.000000 0.000000 0.000000 0.000000 0.000000 0.000000 0.000000 0.000000 0.000000 0.000000 0.000000 0.000000 0.000000 0.000000 
0.000000 0.000000 0.000000 0.000000 0.000000 0.000000 0.000000 0.000000 0.000000 0.000000 0.000000 0.000000 0.000000 0.000000 0.000000 0.000000 0.000000 0.000000 0.000000 0.000000 0.000000 0.000000 0.000000 0.000000 0.000000 0.000000 0.000000 0.000000 0.000000 0.000000 0.000000 0.000000 
0.000000 0.000000 0.000000 0.000000 0.000000 0.000000 0.000000 0.000000 0.000000 0.000000 0.000000 0.000000 0.000000 0.000000 0.000000 0.000000 0.000000 0.000000 0.000000 0.000000 0.000000 0.000000 0.000000 0.000000 0.000000 0.000000 0.000000 0.000000 0.000000 0.000000 0.000000 0.000000 
0.000000 0.000000 0.000000 0.000000 0.000000 0.000000 0.000000 0.000000 0.000000 0.000000 0.000000 0.000000 0.000000 0.000000 0.000000 0.000000 0.000000 0.000000 0.000000 0.000000 0.000000 0.000000 0.000000 0.000000 0.000000 0.000000 0.000000 0.000000 0.000000 0.000000 0.000000 0.000000 
