1	0.01
0.999983	0.0199998
0.999933	0.0299992
0.99985	0.0399977
0.999733	0.049995
0.999583	0.0599908
0.9994	0.0699848
0.999184	0.0799767
0.998934	0.089966
0.998651	0.0999525
0.998334	0.109936
0.997985	0.119916
0.997602	0.129892
0.997186	0.139864
0.996737	0.149831
0.996254	0.159793
0.995739	0.169751
0.99519	0.179703
0.994609	0.189649
0.993994	0.199589
0.993347	0.209522
0.992666	0.219449
0.991953	0.229368
0.991207	0.239281
0.990428	0.249185
0.989616	0.259081
0.988771	0.268969
0.987894	0.278848
0.986984	0.288717
0.986042	0.298578
0.985067	0.308429
0.98406	0.318269
0.983021	0.328099
0.981949	0.337919
0.980844	0.347727
0.979708	0.357524
0.97854	0.36731
0.977339	0.377083
0.976106	0.386844
0.974842	0.396593
0.973546	0.406328
0.972218	0.41605
0.970858	0.425759
0.969467	0.435454
0.968044	0.445134
0.96659	0.4548
0.965105	0.464451
0.963588	0.474087
0.96204	0.483707
0.960461	0.493312
0.958851	0.5029
0.95721	0.512472
0.955539	0.522028
0.953836	0.531566
0.952104	0.541087
0.95034	0.550591
0.948547	0.560076
0.946723	0.569543
0.944869	0.578992
0.942985	0.588422
0.941071	0.597833
0.939127	0.607224
0.937153	0.616595
0.93515	0.625947
0.933118	0.635278
0.931056	0.644589
0.928965	0.653878
0.926845	0.663147
0.924696	0.672394
0.922518	0.681619
0.920311	0.690822
0.918076	0.700003
0.915812	0.709161
0.91352	0.718296
0.9112	0.727408
0.908852	0.736497
0.906476	0.745561
0.904072	0.754602
0.90164	0.763618
0.899181	0.77261
0.896695	0.781577
0.894182	0.790519
0.891641	0.799435
0.889074	0.808326
0.88648	0.817191
0.883859	0.82603
0.881212	0.834842
0.878539	0.843627
0.87584	0.852385
0.873114	0.861117
0.870363	0.86982
0.867587	0.878496
0.864784	0.887144
0.861957	0.895764
0.859104	0.904355
0.856227	0.912917
0.853325	0.92145
0.850398	0.929954
0.847446	0.938428
0.844471	0.946873
0.841471	0.955288
0.838447	0.963672
0.8354	0.972026
0.832329	0.98035
0.829235	0.988642
0.826117	0.996903
0.822977	1.00513
0.819814	1.01333
0.816628	1.0215
0.813419	1.02963
0.810189	1.03773
0.806936	1.0458
0.803661	1.05384
0.800365	1.06184
0.797047	1.06981
0.793708	1.07775
0.790348	1.08565
0.786966	1.09352
0.783564	1.10136
0.780142	1.10916
0.776699	1.11693
0.773236	1.12466
0.769754	1.13236
0.766251	1.14002
0.762729	1.14765
0.759188	1.15524
0.755627	1.1628
0.752048	1.17032
0.74845	1.1778
0.744833	1.18525
0.741199	1.19266
0.737546	1.20004
0.733875	1.20738
0.730187	1.21468
0.726481	1.22194
0.722758	1.22917
0.719018	1.23636
0.715261	1.24351
0.711488	1.25063
0.707698	1.2577
0.703893	1.26474
0.700071	1.27174
0.696234	1.27871
0.692381	1.28563
0.688513	1.29251
0.68463	1.29936
0.680732	1.30617
0.676819	1.31294
0.672892	1.31967
0.668952	1.32636
0.664997	1.33301
0.661028	1.33962
0.657046	1.34619
0.653051	1.35272
0.649043	1.35921
0.645022	1.36566
0.640988	1.37207
0.636942	1.37844
0.632885	1.38477
0.628815	1.39105
0.624734	1.3973
0.620641	1.40351
0.616537	1.40967
0.612422	1.4158
0.608297	1.42188
0.604161	1.42792
0.600014	1.43392
0.595858	1.43988
0.591692	1.4458
0.587517	1.45167
0.583332	1.45751
0.579138	1.4633
0.574936	1.46905
0.570725	1.47475
0.566505	1.48042
0.562278	1.48604
0.558042	1.49162
0.553799	1.49716
0.549549	1.50266
0.545291	1.50811
0.541026	1.51352
0.536755	1.51889
0.532478	1.52421
0.528194	1.52949
0.523904	1.53473
0.519608	1.53993
0.515307	1.54508
0.511001	1.55019
0.506689	1.55526
0.502373	1.56028
0.498053	1.56526
0.493728	1.5702
0.489399	1.57509
0.485066	1.57994
0.480729	1.58475
0.47639	1.58952
0.472047	1.59424
0.467701	1.59891
0.463353	1.60355
0.459002	1.60814
0.454649	1.61268
0.450294	1.61719
0.445937	1.62164
0.441579	1.62606
0.43722	1.63043
0.43286	1.63476
0.428499	1.63905
0.424137	1.64329
0.419775	1.64749
0.415414	1.65164
0.411052	1.65575
0.406691	1.65982
0.40233	1.66384
0.397971	1.66782
0.393612	1.67176
0.389255	1.67565
0.3849	1.6795
0.380546	1.6833
0.376194	1.68707
0.371845	1.69078
0.367498	1.69446
0.363154	1.69809
0.358813	1.70168
0.354475	1.70522
0.350141	1.70872
0.34581	1.71218
0.341483	1.7156
0.337161	1.71897
0.332842	1.7223
0.328529	1.72558
0.32422	1.72882
0.319916	1.73202
0.315617	1.73518
0.311324	1.73829
0.307036	1.74136
0.302755	1.74439
0.298479	1.74738
0.29421	1.75032
0.289947	1.75322
0.285692	1.75607
0.281443	1.75889
0.277201	1.76166
0.272967	1.76439
0.268741	1.76708
0.264523	1.76972
0.260312	1.77233
0.25611	1.77489
0.251916	1.77741
0.247732	1.77988
0.243556	1.78232
0.239389	1.78471
0.235231	1.78707
0.231084	1.78938
0.226946	1.79165
0.222817	1.79387
0.218699	1.79606
0.214592	1.79821
0.210495	1.80031
0.206409	1.80238
0.202334	1.8044
0.19827	1.80638
0.194217	1.80832
0.190176	1.81023
0.186147	1.81209
0.18213	1.81391
0.178125	1.81569
0.174132	1.81743
0.170152	1.81913
0.166185	1.8208
0.16223	1.82242
0.158289	1.824
0.154361	1.82554
0.150446	1.82705
0.146546	1.82851
0.142659	1.82994
0.138786	1.83133
0.134927	1.83268
0.131083	1.83399
0.127253	1.83526
0.123439	1.8365
0.119639	1.83769
0.115854	1.83885
0.112084	1.83997
0.10833	1.84105
0.104592	1.8421
0.100869	1.84311
0.0971629	1.84408
0.0934725	1.84502
0.0897984	1.84591
0.0861408	1.84677
0.0824998	1.8476
0.0788756	1.84839
0.0752684	1.84914
0.0716783	1.84986
0.0681054	1.85054
0.06455	1.85118
0.0610123	1.85179
0.0574922	1.85237
0.05399	1.85291
0.0505059	1.85341
0.04704	1.85388
0.0435924	1.85432
0.0401633	1.85472
0.0367529	1.85509
0.0333612	1.85542
0.0299884	1.85572
0.0266347	1.85599
0.0233002	1.85622
0.019985	1.85642
0.0166892	1.85659
0.0134131	1.85672
0.0101567	1.85683
0.00692018	1.85689
0.00370364	1.85693
0.000507214	1.85694
-0.00266897	1.85691
-0.00582478	1.85685
-0.0089601	1.85676
-0.0120748	1.85664
-0.0151688	1.85649
-0.0182419	1.85631
-0.0212941	1.85609
-0.0243252	1.85585
-0.0273351	1.85558
-0.0303236	1.85527
-0.0332908	1.85494
-0.0362365	1.85458
-0.0391605	1.85419
-0.0420628	1.85377
-0.0449432	1.85332
-0.0478017	1.85284
-0.0506382	1.85233
-0.0534525	1.8518
-0.0562446	1.85124
-0.0590144	1.85065
-0.0617618	1.85003
-0.0644866	1.84938
-0.0671889	1.84871
-0.0698684	1.84801
-0.0725252	1.84729
-0.0751591	1.84654
-0.0777701	1.84576
-0.0803581	1.84495
-0.0829229	1.84413
-0.0854646	1.84327
-0.087983	1.84239
-0.0904781	1.84149
-0.0929498	1.84056
-0.095398	1.8396
-0.0978227	1.83862
-0.100224	1.83762
-0.102601	1.8366
-0.104955	1.83555
-0.107285	1.83447
-0.109591	1.83338
-0.111873	1.83226
-0.114131	1.83112
-0.116365	1.82995
-0.118575	1.82877
-0.120761	1.82756
-0.122922	1.82633
-0.12506	1.82508
-0.127173	1.82381
-0.129262	1.82252
-0.131326	1.8212
-0.133366	1.81987
-0.135382	1.81852
-0.137373	1.81714
-0.139339	1.81575
-0.141282	1.81434
-0.143199	1.8129
-0.145092	1.81145
-0.14696	1.80998
-0.148803	1.8085
-0.150622	1.80699
-0.152416	1.80547
-0.154186	1.80392
-0.15593	1.80236
-0.15765	1.80079
-0.159345	1.79919
-0.161015	1.79758
-0.162661	1.79596
-0.164281	1.79431
-0.165877	1.79266
-0.167448	1.79098
-0.168994	1.78929
-0.170515	1.78759
-0.172011	1.78587
-0.173482	1.78413
-0.174929	1.78238
-0.17635	1.78062
-0.177747	1.77884
-0.179119	1.77705
-0.180466	1.77525
-0.181788	1.77343
-0.183086	1.7716
-0.184358	1.76975
-0.185606	1.7679
-0.186829	1.76603
-0.188027	1.76415
-0.189201	1.76226
-0.190349	1.76035
-0.191473	1.75844
-0.192573	1.75651
-0.193648	1.75458
-0.194698	1.75263
-0.195723	1.75067
-0.196724	1.7487
-0.1977	1.74673
-0.198652	1.74474
-0.19958	1.74274
-0.200483	1.74074
-0.201361	1.73873
-0.202216	1.7367
-0.203046	1.73467
-0.203851	1.73264
-0.204633	1.73059
-0.20539	1.72854
-0.206124	1.72647
-0.206833	1.72441
-0.207518	1.72233
-0.208179	1.72025
-0.208817	1.71816
-0.20943	1.71607
-0.21002	1.71397
-0.210586	1.71186
-0.211128	1.70975
-0.211647	1.70763
-0.212142	1.70551
-0.212614	1.70338
-0.213062	1.70125
-0.213487	1.69912
-0.213888	1.69698
-0.214267	1.69484
-0.214622	1.69269
-0.214955	1.69054
-0.215264	1.68839
-0.21555	1.68623
-0.215814	1.68408
-0.216055	1.68192
-0.216273	1.67975
-0.216469	1.67759
-0.216642	1.67542
-0.216793	1.67325
-0.216921	1.67108
-0.217028	1.66891
-0.217112	1.66674
-0.217174	1.66457
-0.217214	1.6624
-0.217232	1.66023
-0.217229	1.65805
-0.217204	1.65588
-0.217157	1.65371
-0.217089	1.65154
-0.217	1.64937
-0.216889	1.6472
-0.216757	1.64503
-0.216604	1.64287
-0.21643	1.6407
-0.216235	1.63854
-0.21602	1.63638
-0.215784	1.63422
-0.215527	1.63207
-0.21525	1.62991
-0.214953	1.62777
-0.214635	1.62562
-0.214298	1.62348
-0.21394	1.62134
-0.213563	1.6192
-0.213166	1.61707
-0.21275	1.61494
-0.212314	1.61282
-0.211858	1.6107
-0.211384	1.60859
-0.21089	1.60648
-0.210377	1.60437
-0.209846	1.60228
-0.209296	1.60018
-0.208727	1.59809
-0.20814	1.59601
-0.207534	1.59394
-0.206911	1.59187
-0.206269	1.58981
-0.205609	1.58775
-0.204932	1.5857
-0.204236	1.58366
-0.203524	1.58162
-0.202794	1.5796
-0.202046	1.57757
-0.201282	1.57556
-0.200501	1.57356
-0.199702	1.57156
-0.198887	1.56957
-0.198056	1.56759
-0.197208	1.56562
-0.196344	1.56366
-0.195464	1.5617
-0.194568	1.55975
-0.193656	1.55782
-0.192728	1.55589
-0.191785	1.55397
-0.190826	1.55206
-0.189853	1.55017
-0.188864	1.54828
-0.18786	1.5464
-0.186841	1.54453
-0.185808	1.54267
-0.18476	1.54082
-0.183699	1.53899
-0.182622	1.53716
-0.181532	1.53535
-0.180428	1.53354
-0.179311	1.53175
-0.178179	1.52997
-0.177035	1.5282
-0.175877	1.52644
-0.174706	1.52469
-0.173522	1.52296
-0.172326	1.52123
-0.171117	1.51952
-0.169895	1.51782
-0.168661	1.51614
-0.167415	1.51446
-0.166158	1.5128
-0.164888	1.51115
-0.163607	1.50952
-0.162314	1.50789
-0.16101	1.50628
-0.159695	1.50469
-0.158369	1.5031
-0.157032	1.50153
-0.155684	1.49997
-0.154326	1.49843
-0.152958	1.4969
-0.151579	1.49539
-0.150191	1.49388
-0.148792	1.4924
-0.147384	1.49092
-0.145967	1.48946
-0.14454	1.48802
-0.143105	1.48659
-0.14166	1.48517
-0.140206	1.48377
-0.138744	1.48238
-0.137273	1.48101
-0.135794	1.47965
-0.134307	1.47831
-0.132812	1.47698
-0.131309	1.47566
-0.129798	1.47437
-0.12828	1.47308
-0.126755	1.47182
-0.125222	1.47056
-0.123683	1.46933
-0.122137	1.46811
-0.120584	1.4669
-0.119024	1.46571
-0.117459	1.46454
-0.115887	1.46338
-0.11431	1.46223
-0.112726	1.46111
-0.111137	1.45999
-0.109543	1.4589
-0.107943	1.45782
-0.106338	1.45676
-0.104728	1.45571
-0.103114	1.45468
-0.101495	1.45366
-0.0998712	1.45266
-0.0982434	1.45168
-0.0966115	1.45072
-0.0949757	1.44977
-0.0933361	1.44883
-0.0916929	1.44792
-0.0900462	1.44702
-0.0883964	1.44613
-0.0867434	1.44526
-0.0850875	1.44441
-0.0834288	1.44358
-0.0817675	1.44276
-0.0801038	1.44196
-0.0784378	1.44118
-0.0767698	1.44041
-0.0750997	1.43966
-0.0734279	1.43892
-0.0717545	1.43821
-0.0700797	1.4375
-0.0684035	1.43682
-0.0667262	1.43615
-0.065048	1.4355
-0.0633689	1.43487
-0.0616892	1.43425
-0.060009	1.43365
-0.0583285	1.43307
-0.0566479	1.4325
-0.0549672	1.43195
-0.0532867	1.43142
-0.0516065	1.4309
-0.0499267	1.4304
-0.0482476	1.42992
-0.0465692	1.42946
-0.0448918	1.42901
-0.0432155	1.42858
-0.0415405	1.42816
-0.0398668	1.42776
-0.0381947	1.42738
-0.0365243	1.42701
-0.0348557	1.42667
-0.0331892	1.42633
-0.0315248	1.42602
-0.0298627	1.42572
-0.0282031	1.42544
-0.0265461	1.42517
-0.0248918	1.42492
-0.0232405	1.42469
-0.0215922	1.42447
-0.0199471	1.42428
-0.0183053	1.42409
-0.016667	1.42393
-0.0150324	1.42378
-0.0134015	1.42364
-0.0117746	1.42352
-0.0101517	1.42342
-0.00853294	1.42334
-0.00691857	1.42327
-0.00530867	1.42321
-0.00370339	1.42318
-0.00210286	1.42316
-0.000507214	1.42315
0.00108341	1.42316
0.00266887	1.42319
0.00424905	1.42323
0.00582379	1.42329
0.00739298	1.42336
0.00895649	1.42345
0.0105142	1.42356
0.0120659	1.42368
0.0136116	1.42381
0.015151	1.42397
0.0166841	1.42413
0.0182108	1.42432
0.0197309	1.42451
0.0212443	1.42473
0.0227508	1.42495
0.0242504	1.4252
0.025743	1.42545
0.0272283	1.42572
0.0287063	1.42601
0.0301769	1.42631
0.03164	1.42663
0.0330954	1.42696
0.034543	1.42731
0.0359827	1.42767
0.0374145	1.42804
0.0388381	1.42843
0.0402535	1.42883
0.0416605	1.42925
0.0430591	1.42968
0.0444492	1.43012
0.0458306	1.43058
0.0472032	1.43105
0.048567	1.43154
0.0499218	1.43204
0.0512676	1.43255
0.0526041	1.43308
0.0539314	1.43362
0.0552493	1.43417
0.0565578	1.43473
0.0578567	1.43531
0.0591459	1.4359
0.0604254	1.43651
0.061695	1.43713
0.0629547	1.43776
0.0642043	1.4384
0.0654439	1.43905
0.0666732	1.43972
0.0678922	1.4404
0.0691009	1.44109
0.0702991	1.44179
0.0714867	1.44251
0.0726637	1.44323
0.07383	1.44397
0.0749855	1.44472
0.0761302	1.44548
0.0772639	1.44625
0.0783865	1.44704
0.0794981	1.44783
0.0805985	1.44864
0.0816876	1.44946
0.0827654	1.45028
0.0838318	1.45112
0.0848868	1.45197
0.0859303	1.45283
0.0869621	1.4537
0.0879823	1.45458
0.0889908	1.45547
0.0899875	1.45637
0.0909724	1.45728
0.0919453	1.4582
0.0929063	1.45913
0.0938552	1.46007
0.0947921	1.46101
0.0957168	1.46197
0.0966294	1.46294
0.0975297	1.46391
0.0984177	1.4649
0.0992934	1.46589
0.100157	1.46689
0.101008	1.4679
0.101846	1.46892
0.102672	1.46995
0.103485	1.47098
0.104286	1.47202
0.105074	1.47308
0.105849	1.47413
0.106611	1.4752
0.107361	1.47627
0.108098	1.47735
0.108822	1.47844
0.109533	1.47954
0.110232	1.48064
0.110917	1.48175
0.111589	1.48287
0.112249	1.48399
0.112895	1.48512
0.113528	1.48625
0.114149	1.48739
0.114756	1.48854
0.11535	1.4897
0.115931	1.49085
0.116498	1.49202
0.117053	1.49319
0.117594	1.49437
0.118122	1.49555
0.118637	1.49673
0.119138	1.49792
0.119627	1.49912
0.120102	1.50032
0.120563	1.50153
0.121012	1.50274
0.121447	1.50395
0.121869	1.50517
0.122277	1.50639
0.122673	1.50762
0.123055	1.50885
0.123423	1.51009
0.123779	1.51132
0.124121	1.51256
0.124449	1.51381
0.124765	1.51506
0.125067	1.51631
0.125355	1.51756
0.125631	1.51882
0.125893	1.52008
0.126142	1.52134
0.126378	1.5226
0.1266	1.52387
0.126809	1.52514
0.127005	1.52641
0.127188	1.52768
0.127358	1.52895
0.127514	1.53023
0.127658	1.5315
0.127788	1.53278
0.127905	1.53406
0.128009	1.53534
0.1281	1.53662
0.128178	1.5379
0.128243	1.53918
0.128295	1.54047
0.128334	1.54175
0.12836	1.54303
0.128373	1.54432
0.128373	1.5456
0.128361	1.54689
0.128335	1.54817
0.128297	1.54945
0.128247	1.55073
0.128183	1.55202
0.128107	1.5533
0.128018	1.55458
0.127917	1.55586
0.127803	1.55713
0.127677	1.55841
0.127539	1.55969
0.127388	1.56096
0.127224	1.56223
0.127049	1.5635
0.126861	1.56477
0.126661	1.56604
0.126448	1.5673
0.126224	1.56857
0.125988	1.56983
0.125739	1.57108
0.125479	1.57234
0.125207	1.57359
0.124923	1.57484
0.124627	1.57608
0.12432	1.57733
0.124	1.57857
0.12367	1.5798
0.123328	1.58104
0.122974	1.58227
0.122609	1.58349
0.122232	1.58472
0.121845	1.58593
0.121446	1.58715
0.121036	1.58836
0.120615	1.58957
0.120183	1.59077
0.119739	1.59196
0.119286	1.59316
0.118821	1.59435
0.118345	1.59553
0.117859	1.59671
0.117363	1.59788
0.116855	1.59905
0.116338	1.60021
0.11581	1.60137
0.115272	1.60252
0.114723	1.60367
0.114165	1.60481
0.113596	1.60595
0.113018	1.60708
0.112429	1.6082
0.111831	1.60932
0.111223	1.61043
0.110605	1.61154
0.109978	1.61264
0.109341	1.61373
0.108695	1.61482
0.10804	1.6159
0.107376	1.61697
0.106702	1.61804
0.106019	1.6191
0.105327	1.62016
0.104627	1.6212
0.103918	1.62224
0.1032	1.62327
0.102473	1.6243
0.101738	1.62531
0.100994	1.62632
0.100243	1.62733
0.0994826	1.62832
0.0987144	1.62931
0.0979381	1.63029
0.097154	1.63126
0.0963619	1.63222
0.0955621	1.63318
0.0947547	1.63413
0.0939397	1.63507
0.0931172	1.636
0.0922873	1.63692
0.0914502	1.63783
0.0906059	1.63874
0.0897545	1.63964
0.0888962	1.64053
0.0880309	1.64141
0.0871589	1.64228
0.0862803	1.64314
0.085395	1.644
0.0845033	1.64484
0.0836052	1.64568
0.0827008	1.6465
0.0817903	1.64732
0.0808737	1.64813
0.0799511	1.64893
0.0790227	1.64972
0.0780885	1.6505
0.0771487	1.65127
0.0762034	1.65203
0.0752526	1.65279
0.0742964	1.65353
0.073335	1.65426
0.0723685	1.65499
0.071397	1.6557
0.0704206	1.65641
0.0694394	1.6571
0.0684534	1.65778
0.0674629	1.65846
0.0664679	1.65912
0.0654685	1.65978
0.0644648	1.66042
0.0634569	1.66106
0.0624451	1.66168
0.0614292	1.6623
0.0604095	1.6629
0.0593861	1.66349
0.058359	1.66408
0.0573285	1.66465
0.0562945	1.66521
0.0552572	1.66577
0.0542167	1.66631
0.0531732	1.66684
0.0521266	1.66736
0.0510772	1.66787
0.050025	1.66837
0.0489702	1.66886
0.0479129	1.66934
0.0468531	1.66981
0.0457909	1.67027
0.0447266	1.67072
0.0436602	1.67115
0.0425917	1.67158
0.0415214	1.67199
0.0404493	1.6724
0.0393755	1.67279
0.0383001	1.67317
0.0372233	1.67355
0.0361452	1.67391
0.0350658	1.67426
0.0339852	1.6746
0.0329037	1.67493
0.0318212	1.67525
0.0307379	1.67555
0.0296539	1.67585
0.0285693	1.67614
0.0274842	1.67641
0.0263988	1.67667
0.0253131	1.67693
0.0242272	1.67717
0.0231412	1.6774
0.0220553	1.67762
0.0209695	1.67783
0.019884	1.67803
0.0187989	1.67822
0.0177142	1.6784
0.0166301	1.67856
0.0155466	1.67872
0.014464	1.67886
0.0133822	1.679
0.0123014	1.67912
0.0112217	1.67923
0.0101432	1.67933
0.009066	1.67942
0.00799019	1.6795
0.00691588	1.67957
0.00584318	1.67963
0.00477217	1.67968
0.00370298	1.67972
0.00263568	1.67974
0.0015704	1.67976
0.000507213	1.67976
-0.000553766	1.67976
-0.00161244	1.67974
-0.00266872	1.67971
-0.00372249	1.67968
-0.00477367	1.67963
-0.00582215	1.67957
-0.00686784	1.6795
-0.00791064	1.67942
-0.00895046	1.67933
-0.00998721	1.67923
-0.0110208	1.67912
-0.0120511	1.679
-0.013078	1.67887
-0.0141015	1.67873
-0.0151214	1.67858
-0.0161377	1.67842
-0.0171503	1.67825
-0.018159	1.67807
-0.0191639	1.67787
-0.0201647	1.67767
-0.0211614	1.67746
-0.022154	1.67724
-0.0231423	1.67701
-0.0241262	1.67677
-0.0251057	1.67652
-0.0260806	1.67625
-0.0270509	1.67598
-0.0280166	1.6757
-0.0289774	1.67541
-0.0299334	1.67511
-0.0308844	1.67481
-0.0318303	1.67449
-0.0327712	1.67416
-0.0337069	1.67382
-0.0346372	1.67348
-0.0355622	1.67312
-0.0364818	1.67276
-0.0373958	1.67238
-0.0383043	1.672
-0.039207	1.67161
-0.0401041	1.67121
-0.0409952	1.6708
-0.0418805	1.67038
-0.0427598	1.66995
-0.0436331	1.66951
-0.0445002	1.66907
-0.0453611	1.66861
-0.0462157	1.66815
-0.0470641	1.66768
-0.047906	1.6672
-0.0487414	1.66672
-0.0495702	1.66622
-0.0503925	1.66572
-0.051208	1.6652
-0.0520168	1.66468
-0.0528188	1.66416
-0.0536139	1.66362
-0.0544021	1.66307
-0.0551833	1.66252
-0.0559573	1.66196
-0.0567243	1.6614
-0.0574841	1.66082
-0.0582365	1.66024
-0.0589817	1.65965
-0.0597195	1.65905
-0.0604499	1.65845
-0.0611728	1.65784
-0.0618882	1.65722
-0.0625959	1.65659
-0.063296	1.65596
-0.0639884	1.65532
-0.0646731	1.65467
-0.0653499	1.65402
-0.0660189	1.65336
-0.0666799	1.65269
-0.067333	1.65202
-0.0679781	1.65134
-0.0686152	1.65065
-0.0692441	1.64996
-0.0698649	1.64926
-0.0704775	1.64856
-0.0710818	1.64784
-0.0716779	1.64713
-0.0722656	1.64641
-0.072845	1.64568
-0.073416	1.64494
-0.0739785	1.6442
-0.0745326	1.64346
-0.0750781	1.64271
-0.0756151	1.64195
-0.0761435	1.64119
-0.0766632	1.64042
-0.0771743	1.63965
-0.0776767	1.63887
-0.0781704	1.63809
-0.0786553	1.63731
-0.0791314	1.63651
-0.0795987	1.63572
-0.0800571	1.63492
-0.0805067	1.63411
-0.0809474	1.6333
-0.0813791	1.63249
-0.0818019	1.63167
-0.0822156	1.63085
-0.0826204	1.63002
-0.0830162	1.62919
-0.0834029	1.62836
-0.0837805	1.62752
-0.0841491	1.62668
-0.0845085	1.62583
-0.0848589	1.62499
-0.0852	1.62413
-0.0855321	1.62328
-0.0858549	1.62242
-0.0861686	1.62156
-0.086473	1.62069
-0.0867683	1.61983
-0.0870543	1.61896
-0.0873311	1.61808
-0.0875986	1.61721
-0.0878569	1.61633
-0.0881059	1.61545
-0.0883456	1.61456
-0.0885761	1.61368
-0.0887973	1.61279
-0.0890092	1.6119
-0.0892118	1.61101
-0.0894051	1.61011
-0.0895892	1.60922
-0.0897639	1.60832
-0.0899294	1.60742
-0.0900855	1.60652
-0.0902324	1.60562
-0.0903699	1.60471
-0.0904982	1.60381
-0.0906172	1.6029
-0.090727	1.602
-0.0908274	1.60109
-0.0909186	1.60018
-0.0910006	1.59927
-0.0910733	1.59836
-0.0911368	1.59745
-0.091191	1.59653
-0.0912361	1.59562
-0.0912719	1.59471
-0.0912986	1.5938
-0.0913161	1.59288
-0.0913244	1.59197
-0.0913236	1.59106
-0.0913137	1.59014
-0.0912947	1.58923
-0.0912666	1.58832
-0.0912294	1.58741
-0.0911831	1.58649
-0.0911279	1.58558
-0.0910636	1.58467
-0.0909904	1.58376
-0.0909082	1.58285
-0.0908171	1.58194
-0.090717	1.58104
-0.0906081	1.58013
-0.0904903	1.57923
-0.0903637	1.57832
-0.0902283	1.57742
-0.0900842	1.57652
-0.0899313	1.57562
-0.0897696	1.57472
-0.0895993	1.57383
-0.0894204	1.57293
-0.0892328	1.57204
-0.0890367	1.57115
-0.088832	1.57026
-0.0886188	1.56937
-0.0883972	1.56849
-0.0881671	1.56761
-0.0879286	1.56673
-0.0876818	1.56585
-0.0874266	1.56498
-0.0871631	1.56411
-0.0868915	1.56324
-0.0866116	1.56237
-0.0863235	1.56151
-0.0860274	1.56065
-0.0857232	1.55979
-0.0854109	1.55894
-0.0850907	1.55809
-0.0847625	1.55724
-0.0844265	1.55639
-0.0840826	1.55555
-0.0837309	1.55472
-0.0833715	1.55388
-0.0830044	1.55305
-0.0826296	1.55223
-0.0822472	1.5514
-0.0818573	1.55059
-0.0814599	1.54977
-0.0810551	1.54896
-0.0806429	1.54815
-0.0802233	1.54735
-0.0797964	1.54655
-0.0793624	1.54576
-0.0789211	1.54497
-0.0784728	1.54419
-0.0780174	1.54341
-0.0775549	1.54263
-0.0770856	1.54186
-0.0766093	1.54109
-0.0761263	1.54033
-0.0756364	1.53958
-0.0751399	1.53882
-0.0746367	1.53808
-0.0741269	1.53734
-0.0736106	1.5366
-0.0730879	1.53587
-0.0725587	1.53514
-0.0720232	1.53442
-0.0714815	1.53371
-0.0709335	1.533
-0.0703794	1.5323
-0.0698192	1.5316
-0.069253	1.53091
-0.0686808	1.53022
-0.0681028	1.52954
-0.067519	1.52886
-0.0669294	1.52819
-0.0663341	1.52753
-0.0657332	1.52687
-0.0651268	1.52622
-0.0645149	1.52558
-0.0638976	1.52494
-0.063275	1.5243
-0.0626471	1.52368
-0.062014	1.52306
-0.0613758	1.52244
-0.0607326	1.52184
-0.0600844	1.52124
-0.0594313	1.52064
-0.0587733	1.52005
-0.0581106	1.51947
-0.0574432	1.5189
-0.0567712	1.51833
-0.0560947	1.51777
-0.0554136	1.51722
-0.0547283	1.51667
-0.0540385	1.51613
-0.0533446	1.51559
-0.0526465	1.51507
-0.0519443	1.51455
-0.0512381	1.51404
-0.0505279	1.51353
-0.0498139	1.51303
-0.0490962	1.51254
-0.0483747	1.51206
-0.0476496	1.51158
-0.0469209	1.51111
-0.0461888	1.51065
-0.0454533	1.5102
-0.0447144	1.50975
-0.0439723	1.50931
-0.0432271	1.50888
-0.0424788	1.50845
-0.0417275	1.50803
-0.0409732	1.50762
-0.0402161	1.50722
-0.0394563	1.50683
-0.0386937	1.50644
-0.0379286	1.50606
-0.0371609	1.50569
-0.0363908	1.50533
-0.0356184	1.50497
-0.0348436	1.50462
-0.0340666	1.50428
-0.0332876	1.50395
-0.0325064	1.50362
-0.0317233	1.50331
-0.0309383	1.503
-0.0301516	1.50269
-0.0293631	1.5024
-0.0285729	1.50212
-0.0277812	1.50184
-0.026988	1.50157
-0.0261934	1.50131
-0.0253975	1.50105
-0.0246003	1.50081
-0.023802	1.50057
-0.0230026	1.50034
-0.0222023	1.50012
-0.021401	1.4999
-0.0205988	1.4997
-0.0197959	1.4995
-0.0189924	1.49931
-0.0181882	1.49913
-0.0173835	1.49895
-0.0165784	1.49879
-0.0157729	1.49863
-0.0149672	1.49848
-0.0141612	1.49834
-0.0133552	1.4982
-0.0125491	1.49808
-0.011743	1.49796
-0.0109371	1.49785
-0.0101314	1.49775
-0.00932596	1.49766
-0.00852088	1.49757
-0.00771624	1.49749
-0.00691212	1.49743
-0.0061086	1.49736
-0.00530575	1.49731
-0.00450366	1.49727
-0.0037024	1.49723
-0.00290204	1.4972
-0.00210268	1.49718
-0.00130437	1.49717
-0.000507211	1.49716
0.000288733	1.49716
0.00108338	1.49717
0.00187666	1.49719
0.0026685	1.49722
0.00345881	1.49725
0.00424752	1.4973
0.00503456	1.49735
0.00581985	1.49741
0.00660332	1.49747
0.00738489	1.49755
0.00816448	1.49763
0.00894204	1.49772
0.00971747	1.49781
0.0104907	1.49792
0.0112617	1.49803
0.0120303	1.49815
0.0127966	1.49828
0.0135603	1.49842
0.0143215	1.49856
0.0150801	1.49871
0.0158359	1.49887
0.0165891	1.49903
0.0173393	1.49921
0.0180867	1.49939
0.0188311	1.49958
0.0195725	1.49977
0.0203107	1.49997
0.0210458	1.50019
0.0217776	1.5004
0.0225061	1.50063
0.0232312	1.50086
0.0239529	1.5011
0.024671	1.50135
0.0253856	1.5016
0.0260966	1.50186
0.0268038	1.50213
0.0275072	1.5024
0.0282069	1.50269
0.0289026	1.50298
0.0295943	1.50327
0.0302821	1.50357
0.0309657	1.50388
0.0316452	1.5042
0.0323205	1.50452
0.0329916	1.50485
0.0336583	1.50519
0.0343206	1.50553
0.0349785	1.50588
0.0356318	1.50624
0.0362806	1.5066
0.0369248	1.50697
0.0375643	1.50735
0.0381991	1.50773
0.0388291	1.50812
0.0394543	1.50851
0.0400745	1.50891
0.0406898	1.50932
0.0413002	1.50973
0.0419054	1.51015
0.0425056	1.51058
0.0431005	1.51101
0.0436903	1.51144
0.0442748	1.51189
0.0448541	1.51234
0.0454279	1.51279
0.0459963	1.51325
0.0465593	1.51372
0.0471168	1.51419
0.0476688	1.51466
0.0482151	1.51515
0.0487558	1.51563
0.0492908	1.51613
0.0498201	1.51662
0.0503436	1.51713
0.0508613	1.51764
0.0513731	1.51815
0.051879	1.51867
0.052379	1.51919
0.052873	1.51972
0.053361	1.52026
0.0538429	1.52079
0.0543187	1.52134
0.0547884	1.52188
0.0552519	1.52244
0.0557092	1.52299
0.0561603	1.52356
0.056605	1.52412
0.0570435	1.52469
0.0574756	1.52527
0.0579013	1.52585
0.0583205	1.52643
0.0587334	1.52702
0.0591397	1.52761
0.0595396	1.5282
0.0599329	1.5288
0.0603196	1.52941
0.0606998	1.53001
0.0610733	1.53062
0.0614401	1.53124
0.0618003	1.53186
0.0621538	1.53248
0.0625005	1.5331
0.0628405	1.53373
0.0631737	1.53436
0.0635001	1.535
0.0638196	1.53564
0.0641324	1.53628
0.0644382	1.53692
0.0647372	1.53757
0.0650293	1.53822
0.0653144	1.53887
0.0655926	1.53953
0.0658638	1.54019
0.0661281	1.54085
0.0663853	1.54151
0.0666356	1.54218
0.0668788	1.54285
0.067115	1.54352
0.0673442	1.54419
0.0675663	1.54487
0.0677813	1.54555
0.0679892	1.54623
0.06819	1.54691
0.0683837	1.54759
0.0685704	1.54828
0.0687498	1.54896
0.0689222	1.54965
0.0690874	1.55034
0.0692455	1.55104
0.0693964	1.55173
0.0695402	1.55243
0.0696768	1.55312
0.0698063	1.55382
0.0699286	1.55452
0.0700437	1.55522
0.0701517	1.55592
0.0702525	1.55662
0.0703462	1.55733
0.0704326	1.55803
0.070512	1.55874
0.0705841	1.55944
0.0706491	1.56015
0.070707	1.56086
0.0707577	1.56156
0.0708012	1.56227
0.0708376	1.56298
0.0708669	1.56369
0.0708891	1.5644
0.0709042	1.56511
0.0709121	1.56582
0.0709129	1.56653
0.0709067	1.56724
0.0708934	1.56794
0.070873	1.56865
0.0708456	1.56936
0.0708111	1.57007
0.0707696	1.57078
0.0707211	1.57148
0.0706656	1.57219
0.0706031	1.5729
0.0705336	1.5736
0.0704572	1.57431
0.0703738	1.57501
0.0702836	1.57571
0.0701864	1.57642
0.0700824	1.57712
0.0699715	1.57782
0.0698537	1.57851
0.0697292	1.57921
0.0695979	1.57991
0.0694598	1.5806
0.0693149	1.5813
0.0691633	1.58199
0.069005	1.58268
0.0688401	1.58337
0.0686685	1.58405
0.0684902	1.58474
0.0683054	1.58542
0.068114	1.5861
0.0679161	1.58678
0.0677117	1.58746
0.0675007	1.58813
0.0672834	1.58881
0.0670596	1.58948
0.0668294	1.59014
0.0665928	1.59081
0.06635	1.59147
0.0661008	1.59213
0.0658454	1.59279
0.0655837	1.59345
0.0653159	1.5941
0.0650419	1.59475
0.0647617	1.5954
0.0644755	1.59604
0.0641833	1.59669
0.063885	1.59733
0.0635807	1.59796
0.0632706	1.59859
0.0629545	1.59922
0.0626326	1.59985
0.0623048	1.60047
0.0619713	1.60109
0.061632	1.60171
0.0612871	1.60232
0.0609365	1.60293
0.0605802	1.60354
0.0602185	1.60414
0.0598511	1.60474
0.0594784	1.60533
0.0591001	1.60592
0.0587165	1.60651
0.0583276	1.60709
0.0579333	1.60767
0.0575338	1.60825
0.0571291	1.60882
0.0567192	1.60939
0.0563042	1.60995
0.0558842	1.61051
0.0554591	1.61106
0.0550291	1.61161
0.0545941	1.61216
0.0541543	1.6127
0.0537097	1.61324
0.0532603	1.61377
0.0528062	1.6143
0.0523474	1.61482
0.051884	1.61534
0.051416	1.61586
0.0509436	1.61637
0.0504667	1.61687
0.0499853	1.61737
0.0494997	1.61786
0.0490097	1.61835
0.0485155	1.61884
0.0480171	1.61932
0.0475146	1.6198
0.047008	1.62027
0.0464974	1.62073
0.0459829	1.62119
0.0454644	1.62164
0.044942	1.62209
0.0444159	1.62254
0.0438861	1.62298
0.0433525	1.62341
0.0428154	1.62384
0.0422746	1.62426
0.0417304	1.62468
0.0411827	1.62509
0.0406317	1.6255
0.0400773	1.6259
0.0395196	1.62629
0.0389587	1.62668
0.0383947	1.62707
0.0378276	1.62744
0.0372575	1.62782
0.0366844	1.62818
0.0361083	1.62855
0.0355295	1.6289
0.0349478	1.62925
0.0343634	1.62959
0.0337764	1.62993
0.0331868	1.63026
0.0325946	1.63059
0.0319999	1.63091
0.0314028	1.63122
0.0308034	1.63153
0.0302017	1.63183
0.0295977	1.63213
0.0289916	1.63242
0.0283834	1.6327
0.0277731	1.63298
0.0271609	1.63325
0.0265468	1.63352
0.0259308	1.63378
0.025313	1.63403
0.0246935	1.63428
0.0240723	1.63452
0.0234495	1.63475
0.0228252	1.63498
0.0221995	1.6352
0.0215723	1.63542
0.0209438	1.63563
0.020314	1.63583
0.019683	1.63603
0.0190509	1.63622
0.0184176	1.6364
0.0177834	1.63658
0.0171482	1.63675
0.0165121	1.63692
0.0158752	1.63708
0.0152375	1.63723
0.0145991	1.63737
0.0139601	1.63751
0.0133205	1.63765
0.0126804	1.63777
0.0120398	1.63789
0.0113989	1.63801
0.0107577	1.63812
0.0101162	1.63822
0.00947455	1.63831
0.00883276	1.6384
0.00819091	1.63848
0.00754906	1.63856
0.00690729	1.63863
0.00626564	1.63869
0.00562419	1.63875
0.004983	1.6388
0.00434213	1.63884
0.00370165	1.63888
0.00306161	1.63891
0.00242209	1.63893
0.00178314	1.63895
0.00114482	1.63896
0.000507209	1.63896
-0.000129645	1.63896
-0.000765677	1.63896
-0.00140082	1.63894
-0.00203502	1.63892
-0.00266821	1.63889
-0.00330033	1.63886
-0.00393132	1.63882
-0.00456112	1.63878
-0.00518966	1.63873
-0.00581689	1.63867
-0.00644274	1.6386
-0.00706716	1.63853
-0.00769008	1.63845
-0.00831145	1.63837
-0.00893121	1.63828
-0.00954929	1.63819
-0.0101656	1.63809
-0.0107802	1.63798
-0.0113929	1.63786
-0.0120037	1.63774
-0.0126125	1.63762
-0.0132193	1.63749
-0.013824	1.63735
-0.0144266	1.6372
-0.015027	1.63705
-0.0156251	1.6369
-0.0162209	1.63673
-0.0168144	1.63657
-0.0174054	1.63639
-0.017994	1.63621
-0.01858	1.63603
-0.0191634	1.63583
-0.0197442	1.63564
-0.0203223	1.63543
-0.0208976	1.63522
-0.0214701	1.63501
-0.0220398	1.63479
-0.0226066	1.63456
-0.0231704	1.63433
-0.0237311	1.63409
-0.0242889	1.63385
-0.0248435	1.6336
-0.0253949	1.63335
-0.0259431	1.63309
-0.026488	1.63282
-0.0270296	1.63255
-0.0275679	1.63228
-0.0281027	1.632
-0.028634	1.63171
-0.0291619	1.63142
-0.0296861	1.63112
-0.0302068	1.63082
-0.0307238	1.63051
-0.031237	1.6302
-0.0317466	1.62988
-0.0322523	1.62956
-0.0327542	1.62923
-0.0332522	1.6289
-0.0337463	1.62856
-0.0342363	1.62822
-0.0347224	1.62787
-0.0352044	1.62752
-0.0356823	1.62717
-0.036156	1.6268
-0.0366256	1.62644
-0.0370909	1.62607
-0.0375519	1.62569
-0.0380086	1.62531
-0.038461	1.62493
-0.0389089	1.62454
-0.0393525	1.62414
-0.0397915	1.62375
-0.0402261	1.62334
-0.0406561	1.62294
-0.0410815	1.62253
-0.0415023	1.62211
-0.0419184	1.62169
-0.0423299	1.62127
-0.0427366	1.62084
-0.0431385	1.62041
-0.0435357	1.61997
-0.043928	1.61954
-0.0443154	1.61909
-0.044698	1.61865
-0.0450756	1.61819
-0.0454483	1.61774
-0.0458159	1.61728
-0.0461786	1.61682
-0.0465362	1.61635
-0.0468887	1.61589
-0.0472361	1.61541
-0.0475783	1.61494
-0.0479154	1.61446
-0.0482474	1.61398
-0.048574	1.61349
-0.0488955	1.613
-0.0492116	1.61251
-0.0495225	1.61201
-0.049828	1.61152
-0.0501283	1.61101
-0.0504231	1.61051
-0.0507125	1.61
-0.0509965	1.60949
-0.0512751	1.60898
-0.0515483	1.60847
-0.0518159	1.60795
-0.0520781	1.60743
-0.0523347	1.6069
-0.0525858	1.60638
-0.0528314	1.60585
-0.0530713	1.60532
-0.0533057	1.60478
-0.0535345	1.60425
-0.0537577	1.60371
-0.0539752	1.60317
-0.0541871	1.60263
-0.0543933	1.60209
-0.0545938	1.60154
-0.0547886	1.60099
-0.0549778	1.60044
-0.0551612	1.59989
-0.0553388	1.59934
-0.0555108	1.59878
-0.055677	1.59823
-0.0558374	1.59767
-0.055992	1.59711
-0.0561409	1.59655
-0.056284	1.59598
-0.0564213	1.59542
-0.0565528	1.59485
-0.0566785	1.59429
-0.0567984	1.59372
-0.0569124	1.59315
-0.0570207	1.59258
-0.0571231	1.59201
-0.0572197	1.59144
-0.0573104	1.59086
-0.0573953	1.59029
-0.0574744	1.58971
-0.0575477	1.58914
-0.0576151	1.58856
-0.0576766	1.58799
-0.0577324	1.58741
-0.0577823	1.58683
-0.0578264	1.58625
-0.0578646	1.58567
-0.057897	1.58509
-0.0579236	1.58452
-0.0579444	1.58394
-0.0579593	1.58336
-0.0579684	1.58278
-0.0579718	1.5822
-0.0579693	1.58162
-0.0579611	1.58104
-0.057947	1.58046
-0.0579272	1.57988
-0.0579017	1.5793
-0.0578703	1.57872
-0.0578332	1.57814
-0.0577904	1.57757
-0.0577419	1.57699
-0.0576876	1.57641
-0.0576277	1.57583
-0.057562	1.57526
-0.0574907	1.57468
-0.0574137	1.57411
-0.0573311	1.57354
-0.0572428	1.57296
-0.0571489	1.57239
-0.0570494	1.57182
-0.0569443	1.57125
-0.0568336	1.57068
-0.0567174	1.57012
-0.0565957	1.56955
-0.0564684	1.56899
-0.0563357	1.56842
-0.0561974	1.56786
-0.0560537	1.5673
-0.0559046	1.56674
-0.0557501	1.56618
-0.0555901	1.56563
-0.0554248	1.56507
-0.0552541	1.56452
-0.0550781	1.56397
-0.0548968	1.56342
-0.0547102	1.56287
-0.0545184	1.56233
-0.0543213	1.56179
-0.0541191	1.56125
-0.0539116	1.56071
-0.053699	1.56017
-0.0534813	1.55963
-0.0532585	1.5591
-0.0530306	1.55857
-0.0527976	1.55804
-0.0525597	1.55752
-0.0523167	1.55699
-0.0520688	1.55647
-0.051816	1.55596
-0.0515583	1.55544
-0.0512958	1.55493
-0.0510284	1.55442
-0.0507562	1.55391
-0.0504792	1.5534
-0.0501975	1.5529
-0.0499111	1.5524
-0.0496201	1.55191
-0.0493244	1.55141
-0.0490241	1.55092
-0.0487192	1.55044
-0.0484098	1.54995
-0.048096	1.54947
-0.0477777	1.54899
-0.0474549	1.54852
-0.0471278	1.54805
-0.0467963	1.54758
-0.0464605	1.54712
-0.0461205	1.54665
-0.0457762	1.5462
-0.0454278	1.54574
-0.0450752	1.54529
-0.0447184	1.54484
-0.0443576	1.5444
-0.0439928	1.54396
-0.043624	1.54352
-0.0432512	1.54309
-0.0428746	1.54266
-0.042494	1.54224
-0.0421097	1.54182
-0.0417215	1.5414
-0.0413296	1.54099
-0.0409341	1.54058
-0.0405348	1.54017
-0.040132	1.53977
-0.0397256	1.53937
-0.0393157	1.53898
-0.0389022	1.53859
-0.0384854	1.53821
-0.0380652	1.53783
-0.0376416	1.53745
-0.0372148	1.53708
-0.0367847	1.53671
-0.0363514	1.53635
-0.0359149	1.53599
-0.0354754	1.53563
-0.0350327	1.53528
-0.0345871	1.53494
-0.0341385	1.53459
-0.033687	1.53426
-0.0332326	1.53392
-0.0327754	1.5336
-0.0323154	1.53327
-0.0318526	1.53296
-0.0313872	1.53264
-0.0309192	1.53233
-0.0304486	1.53203
-0.0299755	1.53173
-0.0294999	1.53143
-0.0290219	1.53114
-0.0285415	1.53086
-0.0280587	1.53058
-0.0275737	1.5303
-0.0270865	1.53003
-0.026597	1.52976
-0.0261055	1.5295
-0.0256119	1.52925
-0.0251162	1.529
-0.0246186	1.52875
-0.0241191	1.52851
-0.0236177	1.52827
-0.0231145	1.52804
-0.0226095	1.52782
-0.0221028	1.52759
-0.0215945	1.52738
-0.0210845	1.52717
-0.020573	1.52696
-0.02006	1.52676
-0.0195455	1.52657
-0.0190297	1.52638
-0.0185125	1.52619
-0.017994	1.52601
-0.0174742	1.52584
-0.0169533	1.52567
-0.0164313	1.5255
-0.0159081	1.52534
-0.015384	1.52519
-0.0148588	1.52504
-0.0143328	1.5249
-0.0138059	1.52476
-0.0132782	1.52463
-0.0127497	1.5245
-0.0122205	1.52438
-0.0116906	1.52426
-0.0111602	1.52415
-0.0106292	1.52404
-0.0100977	1.52394
-0.00956576	1.52384
-0.00903344	1.52375
-0.00850079	1.52367
-0.00796786	1.52359
-0.00743471	1.52352
-0.00690138	1.52345
-0.00636793	1.52338
-0.00583441	1.52332
-0.00530088	1.52327
-0.00476739	1.52322
-0.00423399	1.52318
-0.00370074	1.52314
-0.00316768	1.52311
-0.00263487	1.52309
-0.00210237	1.52307
-0.00157022	1.52305
-0.00103849	1.52304
-0.000507207	1.52303
2.35585e-05	1.52303
0.000553759	1.52304
0.00108334	1.52305
0.00161226	1.52307
0.00214045	1.52309
0.00266787	1.52312
0.00319446	1.52315
0.00372018	1.52318
0.00424497	1.52323
0.00476879	1.52327
0.00529157	1.52333
0.00581327	1.52339
0.00633385	1.52345
0.00685324	1.52352
0.0073714	1.52359
0.00788827	1.52367
0.00840382	1.52375
0.00891798	1.52384
0.00943071	1.52394
0.00994196	1.52404
0.0104517	1.52414
0.0109598	1.52425
0.0114663	1.52437
0.0119712	1.52449
0.0124743	1.52461
0.0129756	1.52474
0.0134751	1.52487
0.0139728	1.52501
0.0144685	1.52516
0.0149623	1.52531
0.015454	1.52546
0.0159437	1.52562
0.0164313	1.52579
0.0169167	1.52596
0.0174	1.52613
0.017881	1.52631
0.0183597	1.52649
0.0188361	1.52668
0.0193101	1.52687
0.0197817	1.52707
0.0202508	1.52727
0.0207174	1.52748
0.0211814	1.52769
0.0216429	1.52791
0.0221017	1.52813
0.0225578	1.52836
0.0230112	1.52859
0.0234618	1.52882
0.0239096	1.52906
0.0243546	1.5293
0.0247967	1.52955
0.0252358	1.5298
0.0256719	1.53006
0.0261051	1.53032
0.0265352	1.53059
0.0269622	1.53086
0.027386	1.53113
0.0278067	1.53141
0.0282242	1.53169
0.0286384	1.53198
0.0290493	1.53227
0.0294569	1.53256
0.0298611	1.53286
0.030262	1.53316
0.0306594	1.53347
0.0310533	1.53378
0.0314438	1.5341
0.0318306	1.53441
0.0322139	1.53474
0.0325936	1.53506
0.0329697	1.53539
0.033342	1.53572
0.0337107	1.53606
0.0340756	1.5364
0.0344367	1.53675
0.0347941	1.53709
0.0351475	1.53745
0.0354971	1.5378
0.0358428	1.53816
0.0361846	1.53852
0.0365224	1.53889
0.0368562	1.53926
0.037186	1.53963
0.0375117	1.54
0.0378334	1.54038
0.0381509	1.54076
0.0384643	1.54115
0.0387736	1.54153
0.0390786	1.54193
0.0393795	1.54232
0.0396761	1.54272
0.0399684	1.54312
0.0402565	1.54352
0.0405402	1.54392
0.0408196	1.54433
0.0410946	1.54474
0.0413653	1.54516
0.0416315	1.54557
0.0418933	1.54599
0.0421507	1.54641
0.0424036	1.54684
0.042652	1.54726
0.0428958	1.54769
0.0431352	1.54812
0.04337	1.54856
0.0436002	1.54899
0.0438258	1.54943
0.0440469	1.54987
0.0442633	1.55031
0.044475	1.55076
0.0446821	1.55121
0.0448846	1.55166
0.0450823	1.55211
0.0452754	1.55256
0.0454637	1.55301
